100(1><3)
 [ -1.0, 2.0, 3.0 ]
99(1><3)
 [ -1.1, 1.9, 2.6 ]
98(1><3)
 [ -1.1, 1.9, 2.6 ]
97(1><3)
 [ -1.1, 1.9, 2.6 ]
96(1><3)
 [ -1.2000000000000002, 1.5, 2.0 ]
95(1><3)
 [ -1.3000000000000003, 1.4, 1.6 ]
94(1><3)
 [ -1.4000000000000004, 0.9999999999999999, 1.0 ]
93(1><3)
 [ -1.5000000000000004, 0.5999999999999999, 0.3999999999999999 ]
92(1><3)
 [ -1.6000000000000005, 0.19999999999999984, -0.20000000000000018 ]
91(1><3)
 [ -1.6000000000000005, 0.19999999999999984, -0.20000000000000018 ]
90(1><3)
 [ -1.6000000000000005, 0.19999999999999984, -0.20000000000000018 ]
89(1><3)
 [ -1.6000000000000005, 0.19999999999999984, -0.20000000000000018 ]
88(1><3)
 [ -1.5000000000000004, 0.4999999999999999, -1.6653345369377348e-16 ]
87(1><3)
 [ -1.5000000000000004, 0.4999999999999999, -1.6653345369377348e-16 ]
86(1><3)
 [ -1.5000000000000004, 0.4999999999999999, -1.6653345369377348e-16 ]
85(1><3)
 [ -1.6000000000000005, 9.999999999999987e-2, -0.6000000000000003 ]
84(1><3)
 [ -1.5000000000000004, 0.3999999999999999, -0.4000000000000003 ]
83(1><3)
 [ -1.5000000000000004, 0.3999999999999999, -0.4000000000000003 ]
82(1><3)
 [ -1.4000000000000004, 0.7, -0.2000000000000003 ]
81(1><3)
 [ -1.4000000000000004, 0.7, -0.2000000000000003 ]
80(1><3)
 [ -1.4000000000000004, 0.7, -0.2000000000000003 ]
79(1><3)
 [ -1.4000000000000004, 0.7, -0.2000000000000003 ]
78(1><3)
 [ -1.5000000000000004, 0.29999999999999993, -0.8000000000000004 ]
77(1><3)
 [ -1.5000000000000004, 0.29999999999999993, -0.8000000000000004 ]
76(1><3)
 [ -1.4000000000000004, 1.0, -0.5000000000000003 ]
75(1><3)
 [ -1.4000000000000004, 1.0, -0.5000000000000003 ]
74(1><3)
 [ -1.4000000000000004, 1.0, -0.5000000000000003 ]
73(1><3)
 [ -1.4000000000000004, 1.0, -0.5000000000000003 ]
72(1><3)
 [ -1.4000000000000004, 1.0, -0.5000000000000003 ]
71(1><3)
 [ -1.4000000000000004, 1.0, -0.5000000000000003 ]
70(1><3)
 [ -1.4000000000000004, 1.0, -0.5000000000000003 ]
69(1><3)
 [ -1.4000000000000004, 1.0, -0.5000000000000003 ]
68(1><3)
 [ -1.4000000000000004, 1.0, -0.5000000000000003 ]
67(1><3)
 [ -1.4000000000000004, 1.0, -0.5000000000000003 ]
66(1><3)
 [ -1.4000000000000004, 1.0, -0.5000000000000003 ]
65(1><3)
 [ -1.4000000000000004, 1.0, -0.5000000000000003 ]
64(1><3)
 [ -1.4000000000000004, 1.0, -0.5000000000000003 ]
63(1><3)
 [ -1.4000000000000004, 1.0, -0.5000000000000003 ]
62(1><3)
 [ -1.4000000000000004, 1.0, -0.5000000000000003 ]
61(1><3)
 [ -1.4000000000000004, 1.0, -0.5000000000000003 ]
60(1><3)
 [ -1.4000000000000004, 1.0, -0.5000000000000003 ]
59(1><3)
 [ -1.4000000000000004, 1.0, -0.5000000000000003 ]
58(1><3)
 [ -1.4000000000000004, 1.0, -0.5000000000000003 ]
57(1><3)
 [ -1.4000000000000004, 1.0, -0.5000000000000003 ]
56(1><3)
 [ -1.4000000000000004, 1.0, -0.5000000000000003 ]
55(1><3)
 [ -1.4000000000000004, 1.0, -0.5000000000000003 ]
54(1><3)
 [ -1.4000000000000004, 1.0, -0.5000000000000003 ]
53(1><3)
 [ -1.4000000000000004, 1.0, -0.5000000000000003 ]
52(1><3)
 [ -1.4000000000000004, 1.0, -0.5000000000000003 ]
51(1><3)
 [ -1.4000000000000004, 1.0, -0.5000000000000003 ]
50(1><3)
 [ -1.4000000000000004, 1.0, -0.5000000000000003 ]
49(1><3)
 [ -1.4000000000000004, 1.0, -0.5000000000000003 ]
48(1><3)
 [ -1.4000000000000004, 1.0, -0.5000000000000003 ]
47(1><3)
 [ -1.4000000000000004, 1.0, -0.5000000000000003 ]
46(1><3)
 [ -1.4000000000000004, 1.0, -0.5000000000000003 ]
45(1><3)
 [ -1.4000000000000004, 1.0, -0.5000000000000003 ]
44(1><3)
 [ -1.4000000000000004, 1.0, -0.5000000000000003 ]
43(1><3)
 [ -1.4000000000000004, 1.0, -0.5000000000000003 ]
42(1><3)
 [ -1.4000000000000004, 1.0, -0.5000000000000003 ]
41(1><3)
 [ -1.4000000000000004, 1.0, -0.5000000000000003 ]
40(1><3)
 [ -1.4000000000000004, 1.0, -0.5000000000000003 ]
39(1><3)
 [ -1.4000000000000004, 1.0, -0.5000000000000003 ]
38(1><3)
 [ -1.4000000000000004, 1.0, -0.5000000000000003 ]
37(1><3)
 [ -1.4000000000000004, 1.0, -0.5000000000000003 ]
36(1><3)
 [ -1.4000000000000004, 1.0, -0.5000000000000003 ]
35(1><3)
 [ -1.4000000000000004, 1.0, -0.5000000000000003 ]
34(1><3)
 [ -1.4000000000000004, 1.0, -0.5000000000000003 ]
33(1><3)
 [ -1.4000000000000004, 1.0, -0.5000000000000003 ]
32(1><3)
 [ -1.4000000000000004, 1.0, -0.5000000000000003 ]
31(1><3)
 [ -1.4000000000000004, 1.0, -0.5000000000000003 ]
30(1><3)
 [ -1.4000000000000004, 1.0, -0.5000000000000003 ]
29(1><3)
 [ -1.4000000000000004, 1.0, -0.5000000000000003 ]
28(1><3)
 [ -1.4000000000000004, 1.0, -0.5000000000000003 ]
27(1><3)
 [ -1.4000000000000004, 1.0, -0.5000000000000003 ]
26(1><3)
 [ -1.4000000000000004, 1.0, -0.5000000000000003 ]
25(1><3)
 [ -1.4000000000000004, 1.0, -0.5000000000000003 ]
24(1><3)
 [ -1.4000000000000004, 1.0, -0.5000000000000003 ]
23(1><3)
 [ -1.4000000000000004, 1.0, -0.5000000000000003 ]
22(1><3)
 [ -1.4000000000000004, 1.0, -0.5000000000000003 ]
21(1><3)
 [ -1.4000000000000004, 1.0, -0.5000000000000003 ]
20(1><3)
 [ -1.4000000000000004, 1.0, -0.5000000000000003 ]
19(1><3)
 [ -1.4000000000000004, 1.0, -0.5000000000000003 ]
18(1><3)
 [ -1.4000000000000004, 1.0, -0.5000000000000003 ]
17(1><3)
 [ -1.4000000000000004, 1.0, -0.5000000000000003 ]
16(1><3)
 [ -1.4000000000000004, 1.0, -0.5000000000000003 ]
15(1><3)
 [ -1.4000000000000004, 1.0, -0.5000000000000003 ]
14(1><3)
 [ -1.4000000000000004, 1.0, -0.5000000000000003 ]
13(1><3)
 [ -1.4000000000000004, 1.0, -0.5000000000000003 ]
12(1><3)
 [ -1.4000000000000004, 1.0, -0.5000000000000003 ]
11(1><3)
 [ -1.4000000000000004, 1.0, -0.5000000000000003 ]
10(1><3)
 [ -1.4000000000000004, 1.0, -0.5000000000000003 ]
9(1><3)
 [ -1.4000000000000004, 1.0, -0.5000000000000003 ]
8(1><3)
 [ -1.4000000000000004, 1.0, -0.5000000000000003 ]
7(1><3)
 [ -1.4000000000000004, 1.0, -0.5000000000000003 ]
6(1><3)
 [ -1.4000000000000004, 1.0, -0.5000000000000003 ]
5(1><3)
 [ -1.4000000000000004, 1.0, -0.5000000000000003 ]
4(1><3)
 [ -1.4000000000000004, 1.0, -0.5000000000000003 ]
3(1><3)
 [ -1.4000000000000004, 1.0, -0.5000000000000003 ]
2(1><3)
 [ -1.4000000000000004, 1.0, -0.5000000000000003 ]
1(1><3)
 [ -1.4000000000000004, 1.0, -0.5000000000000003 ]
0(1><3)
 [ -1.4000000000000004, 1.0, -0.5000000000000003 ]
